GO:0006096	2993	0.00534580688272636	20	2
GO:0006013	2993	0.00133645172068159	20	2
GO:0019568	2993	0.00133645172068159	20	1
GO:0006538	2993	0.000668225860340795	20	1
GO:0006457	2993	0.00868693618443034	20	3
GO:0006598	2993	0.00100233879051119	20	1
GO:0006008	2993	0.000668225860340795	20	1
GO:0006006	2993	0.00467758102238557	20	2
GO:0005992	2993	0.00133645172068159	20	2
GO:0030503	2993	0.00367524223187437	20	1
GO:0006348	2993	0.0133645172068159	20	1
GO:0009408	2993	0.00534580688272636	20	1
GO:0019483	2993	0.000668225860340795	20	1
GO:0006979	2993	0.0126962913464751	20	3
GO:0007155	2993	0.00100233879051119	20	1
GO:0005978	2993	0.00200467758102239	20	1
GO:0046323	2993	0.00100233879051119	20	2
GO:0001302	2993	0.00701637153357835	20	1
GO:0007010	2993	0.00467758102238557	20	1
GO:0000002	2993	0.00701637153357835	20	1
GO:0008150	2993	0.0180420982292015	20	1
GO:0030150	2993	0.00501169395255596	20	1
GO:0032445	2993	0.000668225860340795	20	1
GO:0019358	2993	0.000668225860340795	20	1
GO:0006616	2993	0.00267290344136318	20	1
GO:0051085	2993	0.000334112930170398	20	1
GO:0006950	2993	0.0180420982292015	20	9
GO:0042843	2993	0.00133645172068159	20	1
GO:0000302	2993	0.000334112930170398	20	1
GO:0006972	2993	0.00167056465085199	20	1
GO:0006081	2993	0.000334112930170398	20	1
GO:0030162	2993	0.000668225860340795	20	1
GO:0000183	2993	0.00367524223187437	20	1
GO:0009269	2993	0.000334112930170398	20	1
GO:0006000	2993	0.00100233879051119	20	1
GO:0009409	2993	0.00167056465085199	20	1
GO:0006010	2993	0.000668225860340795	20	1
GO:0007039	2993	0.00233879051119278	20	1
GO:0042026	2993	0.00233879051119278	20	1
GO:0000723	2993	0.0547945205479452	20	1
